$ANSIBLE_VAULT;1.1;AES256
39656638373638633237343966323733373864386161636539343033333634653436643834373966
6538613334376364333339363034363033666162653639390a663966376566393437646636636166
36323932626263366164316662356265303731336135386630653539613739636437646566383636
3833636232613162310a313331376262663364376562666336633038346438363239303530613735
38386633393234626330363966663162633533323237633037393639346666393738633137633331
63363136303239386431333431626263393036666163366162346366303066383735353436653133
30306531623966393231336334353638363330626334363734306632323661363565326134633239
64653737383064663231316638636230393931303665333831666230376437313461666438383462
31373363396635343031656465376362386239346662646635666239396531303537653865643462
63303664383766376561366531353163613531663236626530346565393831353365353365393438
36353937626537346636393262363766336166303961303664633536306234353335386664356634
30353030376332376461663365643430643230353136663366336135636131616665363839353033
61336337393630623533646463656630633761626136343838366131333463613034653532363132
65333930353135633133333964653966356263633161363634623434396337396437616139353130
39373564333231383733363132663465363333623530613832663133323532363465393136656364
38353535326335633330643532656337376431373632653030646563393964656639653034663465
65366562333161653737396236303639636661386634643037623266613334383633393262353863
31633938306431343335333033633138626636333138363466373666363631303963363138376531
36356164383462613461323834303164376334316263306133336661613561623562636365313030
36363535383239323034376262646463383935653039346161323630633461303036363263316636
66346439666565303465646539653138663665653961393231656464396534333732646630626165
61303566643762663738626535383239353036373866343531353763636337366432363566393737
32393639383964633661643231303066333865666332306434356232323435373464353539613165
34653737393533343062363837326363626335663833313135636439636237366161363338623434
3739
